1758510219814 0.9448049664497375 0 10960eef137b40b59ba186fe41ec8e0d
1758510221981 1.0 1 10960eef137b40b59ba186fe41ec8e0d
1758510250170 0.9775845408439636 2 10960eef137b40b59ba186fe41ec8e0d
1758510252200 0.9375 3 10960eef137b40b59ba186fe41ec8e0d
1758510280232 0.9814965724945068 4 10960eef137b40b59ba186fe41ec8e0d
1758510282429 1.0 5 10960eef137b40b59ba186fe41ec8e0d
1758510310962 0.9878188967704773 6 10960eef137b40b59ba186fe41ec8e0d
1758510313075 0.984375 7 10960eef137b40b59ba186fe41ec8e0d
1758510341491 0.9870587587356567 8 10960eef137b40b59ba186fe41ec8e0d
1758510343624 0.984375 9 10960eef137b40b59ba186fe41ec8e0d
1758510376999 0.9888015389442444 10 10960eef137b40b59ba186fe41ec8e0d
1758510379922 1.0 11 10960eef137b40b59ba186fe41ec8e0d
1758510427022 0.9907853603363037 12 10960eef137b40b59ba186fe41ec8e0d
1758510429997 1.0 13 10960eef137b40b59ba186fe41ec8e0d
1758510469887 0.9919163584709167 14 10960eef137b40b59ba186fe41ec8e0d
1758510472790 1.0 15 10960eef137b40b59ba186fe41ec8e0d
1758510512748 0.9927135705947876 16 10960eef137b40b59ba186fe41ec8e0d
1758510515713 1.0 17 10960eef137b40b59ba186fe41ec8e0d
1758510551707 0.9927135705947876 18 10960eef137b40b59ba186fe41ec8e0d
1758510553796 1.0 19 10960eef137b40b59ba186fe41ec8e0d
1758510219814 0.9448049664497375 0 10960eef137b40b59ba186fe41ec8e0d
