1758510219814 0.0010000000474974513 0 10960eef137b40b59ba186fe41ec8e0d
1758510221981 0.0010000000474974513 1 10960eef137b40b59ba186fe41ec8e0d
1758510250170 0.0010000000474974513 2 10960eef137b40b59ba186fe41ec8e0d
1758510252200 0.0010000000474974513 3 10960eef137b40b59ba186fe41ec8e0d
1758510280232 0.0010000000474974513 4 10960eef137b40b59ba186fe41ec8e0d
1758510282429 0.0010000000474974513 5 10960eef137b40b59ba186fe41ec8e0d
1758510310962 0.0005000000237487257 6 10960eef137b40b59ba186fe41ec8e0d
1758510313075 0.0005000000237487257 7 10960eef137b40b59ba186fe41ec8e0d
1758510341491 0.0005000000237487257 8 10960eef137b40b59ba186fe41ec8e0d
1758510343624 0.0005000000237487257 9 10960eef137b40b59ba186fe41ec8e0d
1758510376999 0.0005000000237487257 10 10960eef137b40b59ba186fe41ec8e0d
1758510379922 0.0005000000237487257 11 10960eef137b40b59ba186fe41ec8e0d
1758510427022 0.0002500000118743628 12 10960eef137b40b59ba186fe41ec8e0d
1758510429997 0.0002500000118743628 13 10960eef137b40b59ba186fe41ec8e0d
1758510469887 0.0002500000118743628 14 10960eef137b40b59ba186fe41ec8e0d
1758510472790 0.0002500000118743628 15 10960eef137b40b59ba186fe41ec8e0d
1758510512748 0.0001250000059371814 16 10960eef137b40b59ba186fe41ec8e0d
1758510515713 0.0001250000059371814 17 10960eef137b40b59ba186fe41ec8e0d
1758510551707 0.0001250000059371814 18 10960eef137b40b59ba186fe41ec8e0d
1758510553796 0.0001250000059371814 19 10960eef137b40b59ba186fe41ec8e0d
1758510219814 0.0010000000474974513 0 10960eef137b40b59ba186fe41ec8e0d
