1758510219814 0.9448049664497375 0
1758510221981 1.0 1
1758510250170 0.9775845408439636 2
1758510252200 0.9375 3
1758510280232 0.9814965724945068 4
1758510282429 1.0 5
1758510310962 0.9878188967704773 6
1758510313075 0.984375 7
1758510341491 0.9870587587356567 8
1758510343624 0.984375 9
1758510376999 0.9888015389442444 10
1758510379922 1.0 11
1758510427022 0.9907853603363037 12
1758510429997 1.0 13
1758510469887 0.9919163584709167 14
1758510472790 1.0 15
1758510512748 0.9927135705947876 16
1758510515713 1.0 17
1758510551707 0.9927135705947876 18
1758510553796 1.0 19
1758510219814 0.9448049664497375 0
