1758510219814 0.0010000000474974513 0
1758510221981 0.0010000000474974513 1
1758510250170 0.0010000000474974513 2
1758510252200 0.0010000000474974513 3
1758510280232 0.0010000000474974513 4
1758510282429 0.0010000000474974513 5
1758510310962 0.0005000000237487257 6
1758510313075 0.0005000000237487257 7
1758510341491 0.0005000000237487257 8
1758510343624 0.0005000000237487257 9
1758510376999 0.0005000000237487257 10
1758510379922 0.0005000000237487257 11
1758510427022 0.0002500000118743628 12
1758510429997 0.0002500000118743628 13
1758510469887 0.0002500000118743628 14
1758510472790 0.0002500000118743628 15
1758510512748 0.0001250000059371814 16
1758510515713 0.0001250000059371814 17
1758510551707 0.0001250000059371814 18
1758510553796 0.0001250000059371814 19
1758510219814 0.0010000000474974513 0
