1758510219814 0.17651627957820892 0
1758510221981 0.015462862327694893 1
1758510250170 0.07144679129123688 2
1758510252200 0.14898550510406494 3
1758510280232 0.05958276987075806 4
1758510282429 0.007219303399324417 5
1758510310962 0.04030632600188255 6
1758510313075 0.0359053872525692 7
1758510341491 0.03894670680165291 8
1758510343624 0.07495921850204468 9
1758510376999 0.03665696457028389 10
1758510379922 0.00980868935585022 11
1758510427022 0.03030286356806755 12
1758510429997 0.003279799362644553 13
1758510469887 0.024709438905119896 14
1758510472790 0.009603671729564667 15
1758510512748 0.022929754108190536 16
1758510515713 0.007729986682534218 17
1758510551707 0.022293630987405777 18
1758510553796 0.0007320853183045983 19
1758510219814 0.17651627957820892 0
